volume peso recompensa duração(s)
3 19 754 984
16 13 1121 641
25 28 1370 535
6 26 1991 318
16 26 1590 728
19 28 946 1021
19 16 1967 865
16 13 367 703
3 19 585 827
13 29 1511 325
23 16 868 608
25 13 1251 384
26 22 1628 925
20 13 1542 128
9 9 1137 1019
6 26 1291 1035
3 23 1410 1028
3 19 1432 1051
22 16 982 229
3 20 1645 316
13 3 621 723
10 3 1886 632
26 16 403 402
3 16 501 692
3 13 1907 307
23 16 1918 1042
25 28 724 816
6 6 564 1017
13 26 396 664
13 22 590 660
29 16 1051 169
16 13 707 359
19 25 854 790
6 3 1347 609
29 20 1991 704
25 19 1889 468
3 13 472 300
7 13 898 325
19 3 762 269
16 19 1193 338
7 23 1303 229
25 16 620 1002
19 19 1437 576
29 20 1160 237
19 19 873 118
6 19 1591 138
3 10 579 103
19 25 1263 748
16 13 1718 114
3 20 1263 905
22 13 293 191
3 19 600 422
7 26 634 751
3 9 1558 1056
26 26 1790 648
26 20 971 308
13 9 820 552
16 10 1508 454
23 26 1520 942
22 13 667 765
26 22 1348 605
3 7 1565 226
25 6 216 182
29 29 763 971
23 20 1536 804
22 19 783 277
16 6 1332 642
7 3 1823 958
28 6 1065 121
16 10 1081 1064
7 20 1880 705
16 28 1821 660
26 6 1627 732
13 10 483 694
25 28 221 802
26 26 496 520
13 20 1925 840
6 28 1820 271
29 29 1019 326
26 26 716 445
25 28 521 989
19 13 1784 152
16 20 816 1079
25 28 1909 396
10 10 588 654
26 29 1233 434
19 6 1204 453
13 3 466 937
7 20 412 756
19 9 1059 580
22 3 480 1037
13 10 738 190
9 22 909 192
10 10 1856 576
7 26 1166 552
25 6 653 107
19 22 1719 159
3 13 633 583
22 16 1819 768
26 22 1487 269
20 10 1663 207
25 6 647 415
16 6 755 874
16 10 1309 888
9 19 1281 241
22 16 644 313
10 3 547 766
16 22 1579 619
16 29 1694 404
26 7 738 375
6 22 794 783
22 3 338 357
10 26 410 192
19 22 735 193
19 13 1688 640
29 26 719 600
6 3 615 970
22 19 287 752
23 20 437 996
9 22 452 901
19 13 1537 614
13 26 1253 542
25 19 1753 524
6 10 1572 528
10 26 1229 237
13 25 1467 1058
13 26 1073 1066
10 10 1285 483
9 19 775 997
16 29 1739 656
16 29 533 935
9 6 748 381
22 13 709 953
3 3 575 287
28 9 1185 918
6 19 486 789
16 13 654 720
3 22 1662 201
16 3 262 658
3 10 1475 786
6 3 453 537
22 16 1175 863
29 10 1463 145
3 13 1889 538
6 29 1800 116
7 7 1524 189
19 13 1904 276
6 29 1859 261
3 3 715 977
13 13 1714 399
22 10 1079 154
13 29 719 531
3 16 1456 192
13 3 795 302
13 13 1008 398
22 13 1897 272
29 22 561 236
29 26 1724 482
19 25 844 478
6 26 1143 180
16 26 1789 1077
16 19 1873 697
26 19 244 1055
23 13 206 128
3 16 220 351
6 6 631 145
10 3 1641 417
9 13 211 1039
26 16 1296 524
16 29 1593 882
25 16 1200 591
6 16 1023 132
13 10 1614 331
3 19 952 540
22 13 226 631
20 10 1569 720
22 25 1227 810
10 19 1278 267
23 29 1789 900
25 25 371 509
22 22 930 324
13 29 1255 923
9 25 1529 1008
22 16 1598 841
20 26 1863 104
19 22 1804 622
6 13 1201 715
20 7 386 964
25 22 1331 509
16 19 234 1001
10 13 419 950
25 28 1521 284
13 3 203 818
3 13 1502 270
28 16 827 999
29 29 969 833
3 20 1434 362
13 3 455 292
16 13 1477 513
26 20 1645 318
13 25 550 100
16 13 671 726
23 26 1594 1052
13 6 223 597
26 10 574 593
16 23 746 416
3 19 1928 713
16 10 396 514
7 23 907 152
22 3 1492 283
29 10 483 1038
23 23 1382 991
3 13 685 443
22 19 1628 332
20 23 1236 246
22 25 914 337
6 22 562 614
3 16 1796 762
6 6 1445 1014
26 13 1295 104
10 7 1801 301
3 13 1210 892
16 29 1883 380
29 20 1704 502
19 3 1814 369
19 3 784 755
10 29 1488 1094
28 19 828 888
16 6 1188 697
13 23 1714 347
13 3 699 1056
26 19 1397 1043
7 7 501 800
9 13 1442 168
19 6 217 732
10 16 1202 634
19 25 305 782
26 6 1156 1073
29 13 1014 130
6 19 1243 977
3 22 940 937
7 29 743 826
16 28 875 1094
10 29 676 526
23 26 1913 600
16 6 1907 397
10 13 347 187
7 16 789 650
9 25 849 1008
6 22 597 540
3 23 571 632
13 16 1838 354
26 22 1065 616
7 13 734 917
19 3 1982 619
19 22 1260 355
10 29 1065 111
28 22 330 563
10 6 1765 970
3 10 984 463
6 16 618 1039
3 3 355 869
7 10 1672 419
22 28 1002 795
26 26 1170 838
7 20 1577 1043
22 19 602 291
6 6 779 122
26 29 267 777
19 28 486 840
16 3 279 744
7 26 1257 632
22 9 1805 279
6 16 647 872
20 20 418 893
19 9 1897 881
22 22 318 898
29 16 584 203
16 22 491 581
16 3 477 194
29 20 1972 641
9 16 814 281
13 6 1475 889
7 20 1241 674
16 28 1863 653
22 10 1233 546
20 13 848 198
22 22 626 1048
13 10 629 410
29 16 1442 123
19 16 1319 385
19 16 1012 845
20 16 1200 991
25 22 580 176
19 6 324 237
10 13 414 478
28 6 1953 299
16 29 1142 878
13 3 690 686
19 28 213 755
22 29 1448 487
26 7 618 442
19 28 512 778
6 13 1713 686
3 13 1313 1080
16 16 1633 195
6 29 834 900
20 3 1785 160
16 28 935 528
16 29 1083 521
7 7 828 643
28 6 1636 436
3 19 901 980
20 16 823 524
9 6 1467 681
3 13 355 737
20 23 1551 986
22 28 1717 549
29 10 243 775
13 23 916 1026
19 3 638 618
10 22 1694 969
13 26 1639 927
19 3 1547 279
13 6 1062 195
20 7 894 300
19 16 1489 751
19 19 1990 106
29 26 1522 215
16 3 704 1025
16 16 878 697
13 29 626 332
28 6 1208 309
19 19 1956 207
7 29 598 161
19 3 522 1009
26 26 1261 1009
20 13 1054 815
6 19 996 631
19 22 691 728
20 23 204 293
9 9 427 447
19 13 884 455
3 10 1791 520
19 13 1040 651
6 22 666 504
10 13 1315 328
13 6 1987 926
16 29 1002 441
29 23 1148 789
22 6 683 553
10 6 542 430
23 29 957 387
16 16 706 408
19 22 1897 986
13 13 967 355
25 13 546 1056
19 13 1875 107
29 10 1657 287
3 13 1306 202
16 3 227 464
13 20 1951 729
13 6 1699 1020
22 19 470 470
13 23 560 244
25 22 861 590
19 22 1440 777
23 23 1366 481
28 19 1240 826
26 6 774 314
23 7 936 609
19 16 1351 615
19 26 309 271
7 10 1630 963
22 22 265 766
29 19 1268 1095
23 29 1232 389
28 16 327 1010
22 3 1565 763
13 16 1785 297
13 6 580 558
22 29 1500 828
7 16 764 617
28 25 952 377
10 19 709 692
20 13 636 446
16 3 1518 1053
10 6 1747 577
23 3 1396 143
25 22 471 448
26 22 1513 447
3 3 699 786
3 13 530 916
6 10 465 900
3 13 751 234
6 6 1058 294
3 3 1563 535
10 23 1205 1088
6 19 1185 822
19 26 836 356
7 13 1210 414
6 19 406 430
16 16 772 229
3 23 697 699
19 22 1200 449
13 10 606 592
23 7 983 372
22 28 347 1058
16 16 527 1100
23 20 1786 1041
22 9 1509 598
6 10 713 921
20 16 851 446
25 13 609 1070
22 10 1848 196
3 16 1391 846
28 22 1166 491
26 29 610 917
16 29 1730 638
6 6 1921 197
26 22 1165 1100
23 16 1936 498
13 6 490 406
10 29 1194 399
23 23 881 353
19 6 1813 756
6 3 1176 551
13 13 1679 146
28 6 707 517
26 16 1303 358
7 3 1607 273
13 9 1857 1017
19 29 1523 353
10 26 1843 187
6 6 442 900
19 10 1820 348
7 10 801 919
3 22 1768 195
3 16 1105 256
16 3 836 819
22 25 224 467
10 10 553 631
13 16 1894 625
3 16 753 124
29 16 1369 817
20 23 1325 338
13 25 1026 365
19 6 1108 1031
13 13 1710 800
16 16 287 918
